code,name,sector,source,price,pct,open,high,low,pre_close,amount,turnover,volume_ratio,quote_time,close_location,high_dist,low_rebound,price_vs_open,etf_name,etf_grade,etf_score,relative_strength,quality_score,quick_profit_score,oversold_score,explosion_index,explosion_reason,held,cost,position_pnl,event_note,event_risk_value,event_hard_veto,event_unknown,signal,action,final_score,priority,life_stage,coach_score,candidate_grade,recommend_reasons,deduct_reasons,human_adjust,coach_action,coach_priority
601088,中国神华,煤炭,核心池,45.44,1.36,44.53,45.44,43.96,44.83,163696.0,0.22,0.89,20260728161328,1.0,0.0,3.3666969972702354,2.043566135189745,煤炭ETF,B,64.51,2.46,66.43,63.93,0.0,0.0,,False,0.0,0,,0.0,False,False,回避,当前无优势,63.93,0,震荡,51.93,C,明显强于行业；价格接近日内强势区；量能较健康；开盘后仍有承接；当日未明显追高；基础质量得分较好,市场风险较高,0.0,普通观察：当前不买，保留跟踪,3
000568,泸州老窖,自动发现,今日自动发现,87.0,3.91,84.02,87.05,83.63,83.73,142490.0,1.13,1.09,20260728161300,0.9853801169590651,-0.057438253877073464,4.029654430228402,3.5467745774815596,,C,50.0,3.91,54.31,62.39,0.0,0.0,,False,0.0,0,,0.0,False,False,回避,当前无优势,62.39,0,未知,50.39,C,明显强于行业；价格接近日内强势区；量能较健康；开盘后仍有承接；当日未明显追高,市场风险较高,0.0,普通观察：当前不买，保留跟踪,3
601288,农业银行,自动发现,今日自动发现,6.96,3.57,6.78,6.96,6.73,6.72,405737.0,0.18,1.47,20260728161314,1.0,0.0,3.4175334323922613,2.6548672566371723,,C,50.0,3.57,55.22,60.66,0.0,0.0,,False,0.0,0,,0.0,False,False,回避,当前无优势,60.66,0,未知,48.66,C,明显强于行业；价格接近日内强势区；量能较健康；开盘后仍有承接；当日未明显追高,市场风险较高,0.0,普通观察：当前不买，保留跟踪,3
600536,中国软件,软件,核心池,31.38,1.06,30.78,31.97,30.69,31.05,72504.0,2.73,0.59,20260728161329,0.5390624999999992,-1.8454801376290297,2.2482893450635366,1.9493177387914118,云计算ETF,C,47.37,4.37,65.72,46.76,0.0,0.0,,True,0.0,0,,0.0,False,False,持仓保留,继续观察；持续弱于ETF时再降仓,46.76,6,退潮,20.76,持仓,明显强于行业；开盘后仍有承接；当日未明显追高；基础质量得分较好,板块处于退潮阶段；市场风险较高,0.0,继续观察；持续弱于ETF时再降仓,2
601398,工商银行,自动发现,今日自动发现,7.97,3.1,7.77,7.97,7.73,7.73,456798.0,0.22,1.44,20260728161330,1.0,0.0,3.1047865459249646,2.5740025740025763,,C,50.0,3.1,55.32,59.27,0.0,0.0,,False,0.0,0,,0.0,False,False,回避,当前无优势,59.27,0,未知,47.27,D,明显强于行业；价格接近日内强势区；量能较健康；开盘后仍有承接；当日未明显追高,市场风险较高,0.0,禁止追入/暂时回避,1
600900,长江电力,自动发现,今日自动发现,29.07,2.54,28.45,29.07,28.31,28.35,464367.0,0.66,1.04,20260728161328,1.0,0.0,2.684563758389258,2.179261862917392,,C,50.0,2.54,55.33,57.18,0.0,0.0,,False,0.0,0,,0.0,False,False,回避,当前无优势,57.18,0,未知,45.18,D,明显强于行业；价格接近日内强势区；量能较健康；开盘后仍有承接；当日未明显追高,市场风险较高,0.0,禁止追入/暂时回避,1
301293,三博脑科,自动发现,今日自动发现,60.43,4.01,56.0,64.99,56.0,58.1,196607.0,15.64,2.25,20260728161333,0.4927697441601782,-7.016464071395589,7.910714285714282,7.910714285714282,,C,50.0,4.01,54.59,56.46,0.0,18.0,换手率偏高；距日内高点较远,False,0.0,0,,0.0,False,False,回避,当前无优势,56.46,0,未知,44.46,D,明显强于行业；量能较健康；开盘后仍有承接；当日未明显追高,市场风险较高,0.0,禁止追入/暂时回避,1
601872,招商轮船,自动发现,今日自动发现,16.19,1.82,15.6,16.23,15.34,15.9,169058.0,1.33,0.99,20260728161309,0.9550561797752819,-0.24645717806530687,5.541069100391138,3.782051282051291,,C,50.0,1.82,54.46,56.45,0.0,0.0,,False,0.0,0,,0.0,False,False,回避,当前无优势,56.45,0,未知,44.45,D,明显强于行业；价格接近日内强势区；量能较健康；开盘后仍有承接；当日未明显追高,市场风险较高,0.0,禁止追入/暂时回避,1
600809,山西汾酒,自动发现,今日自动发现,126.25,2.59,123.06,126.61,121.7,123.06,163119.0,1.07,1.12,20260728161333,0.9266802443991854,-0.2843377300371208,3.7387017255546384,2.5922314318218787,,C,50.0,2.59,54.43,56.43,0.0,0.0,,False,0.0,0,,0.0,False,False,回避,当前无优势,56.43,0,未知,44.43,D,明显强于行业；价格接近日内强势区；量能较健康；开盘后仍有承接；当日未明显追高,市场风险较高,0.0,禁止追入/暂时回避,1
600519,贵州茅台,自动发现,今日自动发现,1320.0,2.37,1299.0,1320.0,1289.52,1289.5,696006.0,0.43,1.09,20260728161329,1.0,0.0,2.363670202866186,1.616628175519641,,C,50.0,2.37,55.69,56.01,0.0,0.0,,False,0.0,0,,0.0,False,False,回避,当前无优势,56.01,0,未知,44.01,D,明显强于行业；价格接近日内强势区；量能较健康；开盘后仍有承接；当日未明显追高,市场风险较高,0.0,禁止追入/暂时回避,1
601857,中国石油,自动发现,今日自动发现,11.1,1.83,10.81,11.1,10.71,10.9,197280.0,0.11,0.81,20260728161316,1.0,0.0,3.6414565826330403,2.6827012025901764,,C,50.0,1.83,54.59,55.77,0.0,0.0,,False,0.0,0,,0.0,False,False,回避,当前无优势,55.77,0,未知,43.77,D,明显强于行业；价格接近日内强势区；量能较健康；开盘后仍有承接；当日未明显追高,市场风险较高,0.0,禁止追入/暂时回避,1
601939,建设银行,自动发现,今日自动发现,10.64,2.7,10.42,10.68,10.36,10.36,170464.0,1.68,1.51,20260728161314,0.8750000000000028,-0.3745318352059823,2.7027027027027195,2.1113243761996303,,C,50.0,2.7,54.46,55.17,0.0,0.0,,False,0.0,0,,0.0,False,False,回避,当前无优势,55.17,0,未知,43.17,D,明显强于行业；价格接近日内强势区；量能较健康；开盘后仍有承接；当日未明显追高,市场风险较高,0.0,禁止追入/暂时回避,1
601888,中国中免,自动发现,今日自动发现,55.51,1.97,53.98,55.7,53.92,54.44,222363.0,2.06,1.06,20260728161318,0.8932584269662895,-0.3411131059246064,2.9488130563798176,2.834383104853644,,C,50.0,1.97,54.69,54.52,0.0,0.0,,False,0.0,0,,0.0,False,False,回避,当前无优势,54.52,0,未知,42.52,D,明显强于行业；价格接近日内强势区；量能较健康；开盘后仍有承接；当日未明显追高,市场风险较高,0.0,禁止追入/暂时回避,1
688036,传音控股,自动发现,今日自动发现,65.6,3.67,63.9,66.77,63.11,63.28,141535.0,1.87,1.06,20260728161325,0.6803278688524582,-1.7522839598622109,3.9454919980985492,2.6604068857589924,,C,50.0,3.67,46.3,53.57,0.0,8.0,事件风险+8,False,0.0,0,近期业绩公告：传音控股:传音控股2026年半年度业绩预增的自愿性披露公告,8.0,False,False,回避,当前无优势,53.57,0,未知,41.57,D,明显强于行业；量能较健康；开盘后仍有承接；当日未明显追高,市场风险较高,0.0,禁止追入/暂时回避,1
300164,通源石油,自动发现,今日自动发现,10.81,3.05,10.27,11.25,9.87,10.49,215685.0,35.48,0.98,20260728161251,0.6811594202898557,-3.9111111111111097,9.523809523809534,5.258033106134374,,C,50.0,3.05,54.67,53.45,0.0,18.0,换手率过高,False,0.0,0,,0.0,False,False,回避,当前无优势,53.45,0,未知,41.45,D,明显强于行业；量能较健康；开盘后仍有承接；当日未明显追高,市场风险较高,0.0,禁止追入/暂时回避,1
000676,智度股份,自动发现,今日自动发现,7.45,4.63,7.2,7.82,6.96,7.12,203298.0,21.85,1.38,20260728161327,0.5697674418604651,-4.731457800511507,7.040229885057481,3.472222222222232,,C,50.0,4.63,54.62,53.39,0.0,18.0,换手率偏高；距日内高点较远,False,0.0,0,,0.0,False,False,回避,当前无优势,53.39,0,未知,41.39,D,明显强于行业；量能较健康；开盘后仍有承接,市场风险较高,0.0,禁止追入/暂时回避,1
601166,兴业银行,自动发现,今日自动发现,18.6,1.64,18.37,18.6,18.2,18.3,248761.0,0.64,1.21,20260728161313,1.0,0.0,2.197802197802212,1.2520413718018597,,C,50.0,1.64,54.79,53.31,0.0,0.0,,False,0.0,0,,0.0,False,False,回避,当前无优势,53.31,0,未知,41.31,D,明显强于行业；价格接近日内强势区；量能较健康；开盘后仍有承接；当日未明显追高,市场风险较高,0.0,禁止追入/暂时回避,1
600941,中国移动,自动发现,今日自动发现,96.35,2.08,94.23,96.79,94.23,94.39,150336.0,1.74,1.17,20260728161312,0.8281249999999954,-0.454592416571975,2.249814284198237,2.249814284198237,,C,50.0,2.08,54.35,52.81,0.0,0.0,,False,0.0,0,,0.0,False,False,回避,当前无优势,52.81,0,未知,40.81,D,明显强于行业；价格接近日内强势区；量能较健康；开盘后仍有承接；当日未明显追高,市场风险较高,0.0,禁止追入/暂时回避,1
300757,罗博特科,自动发现,今日自动发现,404.0,-5.41,423.48,436.0,399.0,427.12,314107.0,4.61,1.12,20260728161242,0.13513513513513514,-7.339449541284404,1.2531328320801949,-4.5999811089071585,,C,50.0,-5.41,54.99,7.02,52.03,30.0,当日大跌，进入风险观察,False,0.0,0,,0.0,False,False,回避,当前无优势,52.03,0,未知,40.03,D,量能较健康；当日未明显追高,弱于行业；市场风险较高,0.0,禁止追入/暂时回避,1
600887,伊利股份,自动发现,今日自动发现,26.58,2.0,26.22,26.67,26.02,26.06,182588.0,1.1,0.84,20260728161337,0.8615384615384567,-0.3374578177727905,2.1521906225979937,1.3729977116704761,,C,50.0,2.0,54.52,52.0,0.0,0.0,,False,0.0,0,,0.0,False,False,回避,当前无优势,52.0,0,未知,40.0,D,明显强于行业；价格接近日内强势区；量能较健康；开盘后仍有承接；当日未明显追高,市场风险较高,0.0,禁止追入/暂时回避,1
688702,盛科通信,自动发现,今日自动发现,361.0,-5.37,372.38,389.59,359.05,381.48,390190.0,5.19,0.73,20260728161322,0.06385068762278949,-7.338484047331805,0.543099846817996,-3.056018046081954,,C,50.0,-5.37,55.18,3.45,51.94,30.0,当日大跌，进入风险观察,False,0.0,0,,0.0,False,False,回避,当前无优势,51.94,0,未知,39.94,D,当日未明显追高,弱于行业；市场风险较高,0.0,禁止追入/暂时回避,1
601328,交通银行,自动发现,今日自动发现,7.11,1.43,7.06,7.11,6.99,7.01,189109.0,1.02,1.25,20260728161330,1.0,0.0,1.7167381974249052,0.708215297450443,,C,50.0,1.43,54.55,51.93,0.0,0.0,,False,0.0,0,,0.0,False,False,回避,当前无优势,51.93,0,未知,39.93,D,明显强于行业；价格接近日内强势区；量能较健康；开盘后仍有承接；当日未明显追高,市场风险较高,0.0,禁止追入/暂时回避,1
688361,中科飞测,自动发现,今日自动发现,369.0,-5.25,370.0,399.9,363.0,389.43,520347.0,3.87,0.95,20260728161311,0.16260162601626027,-7.726931732933229,1.6528925619834656,-0.2702702702702675,,C,50.0,-5.25,55.43,14.01,51.62,30.0,当日大跌，进入风险观察,False,0.0,0,,0.0,False,False,回避,当前无优势,51.62,0,未知,39.62,D,量能较健康；当日未明显追高,弱于行业；市场风险较高,0.0,禁止追入/暂时回避,1
688126,沪硅产业,自动发现,今日自动发现,25.3,-5.24,25.8,26.95,25.01,26.7,226742.0,3.08,0.75,20260728161325,0.14948453608247397,-6.122448979591832,1.159536185525778,-1.9379844961240345,,C,50.0,-5.24,54.71,11.36,51.47,30.0,当日大跌，进入风险观察,False,0.0,0,,0.0,False,False,回避,当前无优势,51.47,0,未知,39.47,D,当日未明显追高,弱于行业；市场风险较高,0.0,禁止追入/暂时回避,1
688120,华海清科,自动发现,今日自动发现,258.0,-4.97,269.36,273.0,256.01,271.5,385017.0,2.94,0.81,20260728161312,0.11712772218952372,-5.494505494505497,0.7773133861958659,-4.217404217404219,,C,50.0,-4.97,55.17,8.48,50.74,0.0,,False,0.0,0,,0.0,False,False,回避,当前无优势,50.74,0,未知,38.74,D,量能较健康；当日未明显追高,弱于行业；市场风险较高,0.0,禁止追入/暂时回避,1
601919,中远海控,自动发现,今日自动发现,15.43,0.78,15.26,15.43,15.2,15.31,142974.0,0.74,0.88,20260728161315,1.0,0.0,1.5131578947368496,1.1140235910878094,,C,50.0,0.78,54.31,50.65,0.0,0.0,,False,0.0,0,,0.0,False,False,回避,当前无优势,50.65,0,未知,38.65,D,价格接近日内强势区；量能较健康；开盘后仍有承接；当日未明显追高,市场风险较高,0.0,禁止追入/暂时回避,1
688037,芯源微,自动发现,今日自动发现,332.44,-4.83,355.0,372.0,325.08,349.3,349126.0,4.92,1.34,20260728161317,0.15686274509803946,-10.634408602150536,2.264058078011577,-6.354929577464786,,C,50.0,-4.83,55.09,6.6,50.3,0.0,,False,0.0,0,,0.0,False,False,回避,当前无优势,50.3,0,未知,38.3,D,量能较健康；当日未明显追高,弱于行业；市场风险较高,0.0,禁止追入/暂时回避,1
601988,中国银行,自动发现,今日自动发现,6.1,1.67,6.03,6.12,6.0,6.0,182025.0,0.14,1.04,20260728161312,0.8333333333333296,-0.326797385620925,1.6666666666666607,1.1608623548921893,,C,50.0,1.67,54.52,50.3,0.0,0.0,,False,0.0,0,,0.0,False,False,回避,当前无优势,50.3,0,未知,38.3,D,明显强于行业；价格接近日内强势区；量能较健康；开盘后仍有承接；当日未明显追高,市场风险较高,0.0,禁止追入/暂时回避,1
603019,中科曙光,自动发现,今日自动发现,92.1,-4.8,94.99,95.85,91.0,96.74,544379.0,3.99,0.65,20260728161319,0.2268041237113393,-3.9123630672926457,1.2087912087912045,-3.0424255184756333,,C,50.0,-4.8,55.47,7.95,50.28,0.0,,False,0.0,0,,0.0,False,False,回避,当前无优势,50.28,0,未知,38.28,D,当日未明显追高,弱于行业；市场风险较高,0.0,禁止追入/暂时回避,1
002422,科伦药业,自动发现,今日自动发现,45.21,-4.84,47.04,47.57,44.9,47.51,172716.0,2.89,0.79,20260728161330,0.11610486891385846,-4.961109943241537,0.69042316258352,-3.890306122448972,,C,50.0,-4.84,54.47,9.14,50.24,0.0,,False,0.0,0,,0.0,False,False,回避,当前无优势,50.24,0,未知,38.24,D,当日未明显追高,弱于行业；市场风险较高,0.0,禁止追入/暂时回避,1
000651,格力电器,自动发现,今日自动发现,40.8,1.02,40.39,40.84,40.3,40.39,157774.0,0.7,0.79,20260728161315,0.9259259259259152,-0.09794319294810228,1.2406947890818865,1.015102748204999,,C,50.0,1.02,54.4,49.9,0.0,0.0,,False,0.0,0,,0.0,False,False,回避,当前无优势,49.9,0,未知,37.9,D,价格接近日内强势区；开盘后仍有承接；当日未明显追高,市场风险较高,0.0,禁止追入/暂时回避,1
601179,中国西电,自动发现,今日自动发现,13.44,-4.61,13.77,13.78,13.3,14.09,279200.0,4.04,0.88,20260728161322,0.29166666666666496,-2.467343976777936,1.0526315789473495,-2.3965141612200425,,C,50.0,-4.61,54.89,14.99,49.61,0.0,,False,0.0,0,,0.0,False,False,回避,当前无优势,49.61,0,未知,37.61,D,量能较健康；当日未明显追高,弱于行业；市场风险较高,0.0,禁止追入/暂时回避,1
300458,全志科技,自动发现,今日自动发现,39.31,-4.52,39.88,41.03,39.01,41.17,318104.0,9.77,0.65,20260728161254,0.1485148514851504,-4.192054594199368,0.7690335811330495,-1.429287863590778,,C,50.0,-4.52,55.01,9.49,49.36,0.0,,False,0.0,0,,0.0,False,False,回避,当前无优势,49.36,0,未知,37.36,D,当日未明显追高,弱于行业；市场风险较高,0.0,禁止追入/暂时回避,1
601991,大唐发电,自动发现,今日自动发现,5.94,-4.5,6.11,6.21,5.93,6.22,262162.0,3.5,0.53,20260728161326,0.03571428571428809,-4.347826086956519,0.1686340640809636,-2.782324058919805,,C,50.0,-4.5,54.84,5.67,49.27,0.0,,False,0.0,0,,0.0,False,False,回避,当前无优势,49.27,0,未知,37.27,D,当日未明显追高,弱于行业；市场风险较高,0.0,禁止追入/暂时回避,1
600999,招商证券,自动发现,今日自动发现,17.41,-4.5,17.99,18.15,17.34,18.23,178671.0,1.37,1.21,20260728161333,0.08641975308642023,-4.077134986225883,0.40369088811995635,-3.224013340744847,,C,50.0,-4.5,54.5,10.48,49.22,0.0,,False,0.0,0,,0.0,False,False,回避,当前无优势,49.22,0,未知,37.22,D,量能较健康；当日未明显追高,弱于行业；市场风险较高,0.0,禁止追入/暂时回避,1
600396,华电辽能,自动发现,今日自动发现,16.58,5.74,15.39,17.21,14.72,15.68,552677.0,23.53,1.15,20260728161312,0.7469879518072279,-3.6606624055781634,12.635869565217384,7.732293697205961,,C,50.0,5.74,23.48,59.21,0.0,42.0,事件风险+32；换手率偏高,False,0.0,0,风险公告：华电辽能:关于股票交易风险提示的公告,32.0,False,False,回避,当前无优势,59.21,0,未知,37.21,D,明显强于行业；价格接近日内强势区；量能较健康；开盘后仍有承接,接近追高区；市场风险较高；人工设置禁止追高,0.0,禁止追入/暂时回避,1
600036,招商银行,银行,核心池,39.59,1.51,39.17,39.59,38.95,39.0,413602.0,0.51,1.02,20260728161319,1.0,0.0,1.6431322207958843,1.0722491702833903,沪深300ETF,C,50.64,4.16,67.23,62.73,0.0,0.0,,False,0.0,0,,0.0,False,False,回避,当前无优势,62.73,0,退潮,36.73,D,明显强于行业；价格接近日内强势区；量能较健康；开盘后仍有承接；当日未明显追高；基础质量得分较好,板块处于退潮阶段；市场风险较高,0.0,禁止追入/暂时回避,1
000858,五 粮 液,自动发现,今日自动发现,74.8,1.22,73.9,75.16,73.42,73.9,234292.0,0.81,0.82,20260728161333,0.7931034482758618,-0.47897817988291624,1.8795968400980634,1.2178619756427533,,C,50.0,1.22,54.74,48.48,0.0,0.0,,False,0.0,0,,0.0,False,False,回避,当前无优势,48.48,0,未知,36.48,D,明显强于行业；价格接近日内强势区；量能较健康；开盘后仍有承接；当日未明显追高,市场风险较高,0.0,禁止追入/暂时回避,1
600418,江淮汽车,自动发现,今日自动发现,20.96,2.59,20.11,21.69,20.11,20.43,157666.0,3.42,1.32,20260728161330,0.5379746835443041,-3.3656062701705847,4.226752859274008,4.226752859274008,,C,50.0,2.59,54.4,48.2,0.0,0.0,,False,0.0,0,,0.0,False,False,回避,当前无优势,48.2,0,未知,36.2,D,明显强于行业；量能较健康；开盘后仍有承接；当日未明显追高,市场风险较高,0.0,禁止追入/暂时回避,1
000333,美的集团,自动发现,今日自动发现,85.37,1.47,84.12,85.92,84.01,84.13,287154.0,0.49,1.17,20260728161321,0.7120418848167549,-0.6401303538175029,1.6188548982263962,1.4859724203518887,,C,50.0,1.47,54.92,48.16,0.0,0.0,,False,0.0,0,,0.0,False,False,回避,当前无优势,48.16,0,未知,36.16,D,明显强于行业；量能较健康；开盘后仍有承接；当日未明显追高,市场风险较高,0.0,禁止追入/暂时回避,1
600031,三一重工,自动发现,今日自动发现,19.7,1.55,19.35,19.95,19.21,19.4,162999.0,0.98,1.06,20260728161315,0.6621621621621614,-1.253132832080206,2.550754815200418,1.8087855297157507,,C,50.0,1.55,54.42,47.85,0.0,0.0,,False,0.0,0,,0.0,False,False,回避,当前无优势,47.85,0,未知,35.85,D,明显强于行业；量能较健康；开盘后仍有承接；当日未明显追高,市场风险较高,0.0,禁止追入/暂时回避,1
601211,国泰海通,自动发现,今日自动发现,18.98,0.16,18.95,18.98,18.44,18.95,174504.0,0.69,1.03,20260728161337,1.0,0.0,2.9284164859002093,0.15831134564643357,,C,50.0,0.16,54.48,47.66,0.0,0.0,,False,0.0,0,,0.0,False,False,回避,当前无优势,47.66,0,未知,35.66,D,价格接近日内强势区；量能较健康；开盘后仍有承接；当日未明显追高,市场风险较高,0.0,禁止追入/暂时回避,1
300502,新易盛,光模块/CPO,核心池,406.9,-17.13,460.0,469.99,403.92,491.0,3342532.0,6.16,1.53,20260728161315,0.045103677917359794,-13.423689865741828,0.7377698554169143,-11.543478260869566,通信ETF,E,0.0,-7.09,34.05,0.0,74.84,100.0,重大明确利空；事件风险+35；跌停或接近跌停，禁止新增；所属ETF为E级,False,0.0,0,业绩窗口暴跌，市场确认严重预期差：新易盛:2026年半年度业绩预告；当日跌停或接近跌停,35.0,True,False,消息面禁买,重大事件或消息面无法确认；禁止新增，若持有则优先控制风险,74.84,-1,退潮,35.0,D,量能较健康；当日未明显追高,爆雷指数偏高；弱于行业；所属行业偏弱；板块处于退潮阶段；市场风险较高,0.0,禁止追入/暂时回避,1
300308,中际旭创,光模块/CPO,核心池,908.0,-15.69,1001.06,1018.0,899.99,1076.94,5160016.0,4.87,1.7,20260728161324,0.06787560376239295,-10.805500982318271,0.8900098889987662,-9.296146085149736,通信ETF,E,0.0,-5.65,34.43,0.0,70.58,100.0,重大明确利空；事件风险+35；跌停或接近跌停，禁止新增；所属ETF为E级,False,0.0,0,当日跌停或接近跌停,35.0,True,False,消息面禁买,重大事件或消息面无法确认；禁止新增，若持有则优先控制风险,70.58,-1,退潮,35.0,D,量能较健康；当日未明显追高,爆雷指数偏高；弱于行业；所属行业偏弱；板块处于退潮阶段；市场风险较高,0.0,禁止追入/暂时回避,1
300394,天孚通信,光模块/CPO,核心池,181.56,-13.21,198.11,202.98,180.01,209.19,850408.0,4.1,1.19,20260728161303,0.0674793208532874,-10.552763819095468,0.8610632742625413,-8.353944778153554,通信ETF,E,0.0,-3.17,32.86,0.0,62.89,100.0,重大明确利空；事件风险+35；跌停或接近跌停，禁止新增；所属ETF为E级,False,0.0,0,业绩窗口暴跌，市场确认严重预期差：天孚通信:2026年半年度业绩预告；当日跌停或接近跌停,35.0,True,False,消息面禁买,重大事件或消息面无法确认；禁止新增，若持有则优先控制风险,62.89,-1,退潮,35.0,D,量能较健康；当日未明显追高,爆雷指数偏高；弱于行业；所属行业偏弱；板块处于退潮阶段；市场风险较高,0.0,禁止追入/暂时回避,1
300760,迈瑞医疗,自动发现,今日自动发现,150.54,1.33,148.66,152.1,147.93,148.56,133691.0,0.74,0.88,20260728161245,0.6258992805755379,-1.025641025641022,1.764348002433569,1.264630700928282,,C,50.0,1.33,54.25,45.83,0.0,0.0,,False,0.0,0,,0.0,False,False,回避,当前无优势,45.83,0,未知,33.83,D,明显强于行业；量能较健康；开盘后仍有承接；当日未明显追高,市场风险较高,0.0,禁止追入/暂时回避,1
601606,长城军工,自动发现,今日自动发现,33.55,-4.85,37.5,38.7,33.0,35.26,323234.0,12.71,2.88,20260728161334,0.09649122807017489,-13.307493540051695,1.6666666666666607,-10.533333333333339,,C,50.0,-4.85,23.02,0.0,45.23,32.0,事件风险+32,False,0.0,0,风险公告：长城军工:安徽长城军工股份有限公司股票交易风险提示公告,32.0,False,False,回避,当前无优势,45.23,0,未知,33.23,D,当日未明显追高,弱于行业；市场风险较高,0.0,禁止追入/暂时回避,1
601318,中国平安,保险,核心池,54.2,1.48,53.6,54.2,53.1,53.41,353941.0,0.62,0.67,20260728161323,1.0,0.0,2.0715630885122405,1.1194029850746245,沪深300ETF,C,50.64,4.13,67.1,58.08,0.0,0.0,,False,0.0,0,,0.0,False,False,回避,当前无优势,58.08,0,退潮,32.08,D,明显强于行业；价格接近日内强势区；开盘后仍有承接；当日未明显追高；基础质量得分较好,板块处于退潮阶段；市场风险较高,0.0,禁止追入/暂时回避,1
002594,比亚迪,自动发现,今日自动发现,93.35,1.03,92.02,94.61,92.02,92.4,340783.0,1.04,0.86,20260728161242,0.5135135135135122,-1.3317831096078647,1.4453379700065216,1.4453379700065216,,C,50.0,1.03,55.06,43.45,0.0,0.0,,False,0.0,0,,0.0,False,False,回避,当前无优势,43.45,0,未知,31.45,D,量能较健康；开盘后仍有承接；当日未明显追高,市场风险较高,0.0,禁止追入/暂时回避,1
600989,宝丰能源,自动发现,今日自动发现,22.94,0.48,22.18,23.29,22.15,22.83,159853.0,0.95,0.55,20260728161309,0.6929824561403529,-1.5027908973808457,3.566591422121901,3.4265103697024513,,C,50.0,0.48,54.41,43.07,0.0,0.0,,False,0.0,0,,0.0,False,False,回避,当前无优势,43.07,0,未知,31.07,D,开盘后仍有承接；当日未明显追高,市场风险较高,0.0,禁止追入/暂时回避,1
301583,托伦斯,自动发现,今日自动发现,175.1,0.06,166.7,189.5,157.5,175.0,285363.0,54.13,1.13,20260728161251,0.5499999999999998,-7.5989445910290225,11.17460317460317,5.0389922015597,,C,50.0,0.06,54.91,42.66,0.0,26.0,换手率过高；距日内高点较远,False,0.0,0,,0.0,False,False,回避,当前无优势,42.66,0,未知,30.66,D,量能较健康；开盘后仍有承接；当日未明显追高,市场风险较高,0.0,禁止追入/暂时回避,1
600150,中国船舶,自动发现,今日自动发现,33.49,-0.12,33.12,33.86,32.91,33.53,283355.0,1.13,0.95,20260728161313,0.6105263157894776,-1.0927347903130435,1.7623822546338763,1.1171497584541168,,C,50.0,-0.12,54.9,41.48,0.0,0.0,,False,0.0,0,,0.0,False,False,回避,当前无优势,41.48,0,未知,29.48,D,量能较健康；开盘后仍有承接；当日未明显追高,市场风险较高,0.0,禁止追入/暂时回避,1
002407,多氟多,自动发现,今日自动发现,34.2,1.88,33.61,35.55,33.19,33.57,947429.0,25.56,1.74,20260728161300,0.4279661016949175,-3.7974683544303667,3.0430852666466057,1.7554299315679867,,C,50.0,1.88,55.95,41.22,0.0,18.0,换手率过高,False,0.0,0,,0.0,False,False,回避,当前无优势,41.22,0,未知,29.22,D,明显强于行业；量能较健康；开盘后仍有承接；当日未明显追高,市场风险较高,0.0,禁止追入/暂时回避,1
600938,中国海油,自动发现,今日自动发现,31.32,-0.73,30.42,31.53,30.42,31.55,167555.0,1.81,0.56,20260728161315,0.81081081081081,-0.6660323501427201,2.9585798816567976,2.9585798816567976,,C,50.0,-0.73,54.45,41.15,0.0,0.0,,False,0.0,0,,0.0,False,False,回避,当前无优势,41.15,0,未知,29.15,D,价格接近日内强势区；开盘后仍有承接；当日未明显追高,市场风险较高,0.0,禁止追入/暂时回避,1
000938,紫光股份,自动发现,今日自动发现,41.48,0.02,40.01,43.58,38.99,41.47,1792043.0,15.17,0.96,20260728161306,0.5424836601307182,-4.818724185406154,6.386252885355215,3.674081479630087,,C,50.0,0.02,56.51,40.85,0.0,18.0,换手率偏高；距日内高点较远,False,0.0,0,,0.0,False,False,回避,当前无优势,40.85,0,未知,28.85,D,量能较健康；开盘后仍有承接；当日未明显追高,市场风险较高,0.0,禁止追入/暂时回避,1
600030,中信证券,自动发现,今日自动发现,28.09,-0.6,28.1,28.15,27.8,28.26,289449.0,0.85,0.8,20260728161314,0.8285714285714312,-0.2131438721136747,1.0431654676259061,-0.0355871886121073,,C,50.0,-0.6,46.92,40.78,0.0,8.0,事件风险+8,False,0.0,0,近期业绩公告：中信证券:中信证券股份有限公司关于华夏基金2026年半年度业绩快报的公告,8.0,False,False,回避,当前无优势,40.78,0,未知,28.78,D,价格接近日内强势区；量能较健康；当日未明显追高,市场风险较高,0.0,禁止追入/暂时回避,1
601600,中国铝业,自动发现,今日自动发现,9.36,-0.21,9.22,9.42,9.1,9.38,228863.0,1.87,0.72,20260728161312,0.8124999999999987,-0.6369426751592355,2.857142857142847,1.5184381778741818,,C,50.0,-0.21,54.72,40.68,0.0,0.0,,False,0.0,0,,0.0,False,False,回避,当前无优势,40.68,0,未知,28.68,D,价格接近日内强势区；开盘后仍有承接；当日未明显追高,市场风险较高,0.0,禁止追入/暂时回避,1
001248,华润新能,自动发现,今日自动发现,14.27,2.15,14.25,14.88,13.76,13.97,470407.0,30.97,1.69,20260728161245,0.45535714285714224,-4.09946236559141,3.7063953488372103,0.140350877192974,,C,50.0,2.15,55.34,40.1,0.0,26.0,换手率过高；距日内高点较远,False,0.0,0,,0.0,False,False,回避,当前无优势,40.1,0,未知,28.1,D,明显强于行业；量能较健康；开盘后仍有承接；当日未明显追高,市场风险较高,0.0,禁止追入/暂时回避,1
601601,中国太保,自动发现,今日自动发现,31.7,0.25,31.61,31.84,31.22,31.62,139167.0,0.64,0.62,20260728161324,0.7741935483870962,-0.43969849246231485,1.537475976937852,0.2847200253084381,,C,50.0,0.25,54.29,39.49,0.0,0.0,,False,0.0,0,,0.0,False,False,回避,当前无优势,39.49,0,未知,27.49,D,价格接近日内强势区；开盘后仍有承接；当日未明显追高,市场风险较高,0.0,禁止追入/暂时回避,1
600309,万华化学,自动发现,今日自动发现,74.2,0.07,74.15,74.6,72.52,74.15,207022.0,0.9,0.65,20260728161330,0.8076923076923116,-0.5361930294906059,2.316602316602334,0.06743088334457692,,C,50.0,0.07,54.63,39.35,0.0,0.0,,False,0.0,0,,0.0,False,False,回避,当前无优势,39.35,0,未知,27.35,D,价格接近日内强势区；开盘后仍有承接；当日未明显追高,市场风险较高,0.0,禁止追入/暂时回避,1
002916,深南电路,PCB,核心池,318.1,-10.0,340.1,343.99,318.1,353.44,306049.0,1.42,0.84,20260728161239,0.0,-7.526381580859908,0.0,-6.468685680682151,通信ETF,E,0.0,0.04,31.97,0.0,53.12,100.0,重大明确利空；事件风险+35；跌停或接近跌停，禁止新增；所属ETF为E级,False,0.0,0,当日跌停或接近跌停,35.0,True,False,消息面禁买,重大事件或消息面无法确认；禁止新增，若持有则优先控制风险,53.12,-1,退潮,27.12,D,量能较健康；当日未明显追高,爆雷指数偏高；所属行业偏弱；板块处于退潮阶段；市场风险较高,0.0,禁止追入/暂时回避,1
600664,哈药股份,自动发现,今日自动发现,5.74,1.77,5.6,5.98,5.36,5.64,294640.0,20.4,0.87,20260728161329,0.6129032258064513,-4.013377926421413,7.089552238805963,2.5000000000000133,,C,50.0,1.77,22.94,38.58,0.0,50.0,事件风险+32；换手率偏高；距日内高点较远,False,0.0,0,风险公告：哈药股份:哈药集团股份有限公司股票交易严重异常波动暨风险提示公告,32.0,False,False,回避,当前无优势,38.58,0,未知,26.58,D,明显强于行业；量能较健康；开盘后仍有承接；当日未明显追高,爆雷指数偏高；市场风险较高,0.0,禁止追入/暂时回避,1
300655,晶瑞电材,自动发现,今日自动发现,12.43,1.55,12.15,13.1,12.15,12.24,137496.0,9.71,1.51,20260728161321,0.2947368421052627,-5.114503816793892,2.304526748971192,2.304526748971192,,C,50.0,1.55,54.28,38.41,0.0,8.0,距日内高点较远,False,0.0,0,,0.0,False,False,回避,当前无优势,38.41,0,未知,26.41,D,明显强于行业；量能较健康；开盘后仍有承接；当日未明显追高,冲高回落；市场风险较高,0.0,禁止追入/暂时回避,1
688432,有研硅,自动发现,今日自动发现,39.99,0.0,38.59,42.42,38.5,39.99,251173.0,4.96,1.05,20260728161333,0.38010204081632687,-5.7284299858557315,3.870129870129868,3.627882871210164,,C,50.0,0.0,54.8,37.55,0.0,0.0,,False,0.0,0,,0.0,False,False,回避,当前无优势,37.55,0,未知,25.55,D,量能较健康；开盘后仍有承接；当日未明显追高,市场风险较高,0.0,禁止追入/暂时回避,1
688111,金山办公,自动发现,今日自动发现,241.24,0.18,236.51,247.58,236.36,240.8,226424.0,2.01,0.89,20260728161315,0.4349376114081993,-2.5607884320219765,2.0646471484176754,1.9999154369794159,,C,50.0,0.18,54.71,36.74,0.0,0.0,,False,0.0,0,,0.0,False,False,回避,当前无优势,36.74,0,未知,24.74,D,量能较健康；开盘后仍有承接；当日未明显追高,市场风险较高,0.0,禁止追入/暂时回避,1
002714,牧原股份,自动发现,今日自动发现,39.3,-0.08,39.1,39.54,38.86,39.33,160101.0,1.24,0.73,20260728161321,0.6470588235294087,-0.6069802731411333,1.1322696860524895,0.5115089514066362,,C,50.0,-0.08,54.41,36.7,0.0,0.0,,False,0.0,0,,0.0,False,False,回避,当前无优势,36.7,0,未知,24.7,D,开盘后仍有承接；当日未明显追高,市场风险较高,0.0,禁止追入/暂时回避,1
688256,寒武纪,国产AI芯片,核心池,1128.0,-9.11,1202.61,1226.0,1091.0,1241.02,1661845.0,2.3,1.24,20260728161321,0.2740740740740741,-7.993474714518756,3.3913840513290605,-6.204006286327235,科创芯片ETF,E,0.0,-1.12,33.44,0.0,50.68,100.0,重大明确利空；事件风险+35；当日跌幅超过7%，禁止抄底；所属ETF为E级,False,0.0,0,当日大跌超过7%，禁止抄底,35.0,True,False,消息面禁买,重大事件或消息面无法确认；禁止新增，若持有则优先控制风险,50.68,-1,退潮,24.68,D,量能较健康；当日未明显追高,爆雷指数偏高；弱于行业；所属行业偏弱；板块处于退潮阶段；市场风险较高,0.0,禁止追入/暂时回避,1
002379,宏桥控股,自动发现,今日自动发现,19.34,-0.87,19.01,19.95,18.4,19.51,146764.0,6.74,0.95,20260728161300,0.6064516129032264,-3.0576441102756813,5.108695652173911,1.7359284587059376,,C,50.0,-0.87,54.33,36.4,0.0,0.0,,False,0.0,0,,0.0,False,False,回避,当前无优势,36.4,0,未知,24.4,D,量能较健康；开盘后仍有承接；当日未明显追高,市场风险较高,0.0,禁止追入/暂时回避,1
000933,神火股份,自动发现,今日自动发现,25.1,-0.99,24.76,25.25,24.33,25.35,156348.0,2.81,0.9,20260728161309,0.8369565217391323,-0.5940594059405835,3.164817098232642,1.3731825525040486,,C,50.0,-0.99,19.39,36.29,0.0,100.0,重大明确利空；事件风险+35,False,0.0,0,近期业绩公告：神火股份:2026年半年度报告；近期业绩公告：神火股份:2026年半年度报告摘要；重大公告：神火股份:河南神火煤电股份有限公司2026年半年度非经营性资金占用及其他关联资金往来情况汇总表,35.0,True,False,消息面禁买,重大事件或消息面无法确认；禁止新增，若持有则优先控制风险,36.29,-1,未知,24.29,D,价格接近日内强势区；量能较健康；开盘后仍有承接；当日未明显追高,爆雷指数偏高；市场风险较高,0.0,禁止追入/暂时回避,1
600667,太极实业,自动发现,今日自动发现,18.37,2.51,17.92,19.45,17.88,17.92,851649.0,21.85,1.63,20260728161328,0.3121019108280267,-5.552699228791768,2.7404921700223905,2.5111607142857206,,C,50.0,2.51,23.86,35.56,0.0,50.0,事件风险+32；换手率偏高；距日内高点较远,False,0.0,0,风险公告：太极实业:关于累计诉讼、仲裁事项的公告,32.0,False,False,回避,当前无优势,35.56,0,未知,23.56,D,明显强于行业；量能较健康；开盘后仍有承接；当日未明显追高,爆雷指数偏高；冲高回落；市场风险较高,0.0,禁止追入/暂时回避,1
600988,赤峰黄金,自动发现,今日自动发现,37.29,-2.23,37.09,37.5,36.22,38.14,187565.0,3.05,0.56,20260728161333,0.8359374999999994,-0.5600000000000049,2.954168967421311,0.5392289026691754,,C,50.0,-2.23,54.55,34.13,0.0,0.0,,False,0.0,0,,0.0,False,False,回避,当前无优势,34.13,0,未知,22.13,D,价格接近日内强势区；开盘后仍有承接；当日未明显追高,弱于行业；市场风险较高,0.0,禁止追入/暂时回避,1
601727,上海电气,自动发现,今日自动发现,6.85,3.79,7.01,7.1,6.81,6.6,140036.0,1.6,2.46,20260728161318,0.13793103448275873,-3.5211267605633756,0.5873715124816492,-2.2824536376604865,,C,50.0,3.79,46.29,33.92,0.0,33.0,事件风险+8；冲高回落明显；开盘后显著走弱,False,0.0,0,近期业绩公告：上海电气:上海电气集团股份有限公司2026年半年度业绩预告,8.0,False,False,回避,当前无优势,33.92,0,未知,21.92,D,明显强于行业；量能较健康；当日未明显追高,冲高回落；市场风险较高,0.0,禁止追入/暂时回避,1
002241,歌尔股份,自动发现,今日自动发现,22.85,-0.09,22.57,23.41,22.55,22.87,210398.0,2.9,0.97,20260728161248,0.34883720930232665,-2.3921401110636453,1.330376940133049,1.2405848471422232,,C,50.0,-0.09,54.65,33.43,0.0,0.0,,False,0.0,0,,0.0,False,False,回避,当前无优势,33.43,0,未知,21.43,D,量能较健康；开盘后仍有承接；当日未明显追高,市场风险较高,0.0,禁止追入/暂时回避,1
603993,洛阳钼业,自动发现,今日自动发现,19.0,-1.86,18.86,19.18,18.59,19.36,316990.0,0.96,0.52,20260728161323,0.6949152542372885,-0.9384775808133461,2.2054868208714273,0.7423117709437932,,C,50.0,-1.86,55.0,33.06,0.0,0.0,,False,0.0,0,,0.0,False,False,回避,当前无优势,33.06,0,未知,21.06,D,开盘后仍有承接；当日未明显追高,弱于行业；市场风险较高,0.0,禁止追入/暂时回避,1
600111,北方稀土,自动发现,今日自动发现,38.99,-1.24,39.0,39.26,38.5,39.48,152636.0,1.09,0.62,20260728161312,0.6447368421052675,-0.6877228731533291,1.2727272727272698,-0.02564102564102111,,C,50.0,-1.24,54.37,32.71,0.0,0.0,,False,0.0,0,,0.0,False,False,回避,当前无优势,32.71,0,未知,20.71,D,当日未明显追高,弱于行业；市场风险较高,0.0,禁止追入/暂时回避,1
601138,工业富联,AI服务器,核心池,58.08,-5.64,58.88,60.79,57.8,61.55,736343.0,0.63,0.89,20260728161327,0.09364548494983309,-4.4579700608652795,0.48442906574395206,-1.3586956521739246,人工智能ETF,E,0.0,2.2,67.73,17.32,45.76,65.0,当日大跌，进入风险观察；所属ETF为E级,False,0.0,0,,0.0,False,False,爆雷禁买,爆雷指数超过阈值，禁止追入,45.76,0,退潮,19.76,D,明显强于行业；量能较健康；当日未明显追高；基础质量得分较好,爆雷指数偏高；所属行业偏弱；板块处于退潮阶段；市场风险较高,0.0,禁止追入/暂时回避,1
002409,雅克科技,自动发现,今日自动发现,166.43,-1.72,163.7,175.3,159.0,169.35,985217.0,18.26,1.31,20260728161251,0.4558282208588958,-5.059897318881923,4.672955974842763,1.6676847892486357,,C,50.0,-1.72,55.99,31.66,0.0,10.0,换手率偏高,False,0.0,0,,0.0,False,False,回避,当前无优势,31.66,0,未知,19.66,D,量能较健康；开盘后仍有承接；当日未明显追高,弱于行业；市场风险较高,0.0,禁止追入/暂时回避,1
600089,特变电工,自动发现,今日自动发现,20.25,-1.94,20.36,20.36,20.01,20.65,190643.0,1.87,0.55,20260728161308,0.6857142857142854,-0.5402750491159125,1.199400299850062,-0.5402750491159125,,C,50.0,-1.94,54.56,30.82,0.0,0.0,,False,0.0,0,,0.0,False,False,回避,当前无优势,30.82,0,未知,18.82,D,当日未明显追高,弱于行业；市场风险较高,0.0,禁止追入/暂时回避,1
002371,北方华创,半导体设备,核心池,715.0,-7.14,745.2,771.99,710.01,770.0,971573.0,1.8,0.81,20260728161248,0.08050984188447899,-7.3822199769427055,0.7028070027182753,-4.052603327965654,半导体ETF,E,0.27,0.24,32.97,1.1,44.74,100.0,重大明确利空；事件风险+35；当日跌幅超过7%，禁止抄底；所属ETF为E级,False,0.0,0,当日大跌超过7%，禁止抄底,35.0,True,False,消息面禁买,重大事件或消息面无法确认；禁止新增，若持有则优先控制风险,44.74,-1,退潮,18.74,D,量能较健康；当日未明显追高,爆雷指数偏高；所属行业偏弱；板块处于退潮阶段；市场风险较高,0.0,禁止追入/暂时回避,1
603690,至纯科技,自动发现,今日自动发现,26.0,4.5,27.37,27.37,25.71,24.88,246359.0,24.2,2.66,20260728161333,0.17469879518072237,-5.005480453050792,1.127965772073125,-5.005480453050792,,C,50.0,4.5,54.78,29.86,0.0,43.0,换手率偏高；冲高回落明显；开盘后显著走弱；距日内高点较远,False,0.0,0,,0.0,False,False,回避,当前无优势,29.86,0,未知,17.86,D,明显强于行业,冲高回落；市场风险较高,0.0,禁止追入/暂时回避,1
688981,中芯国际,晶圆制造,核心池,136.7,-4.92,141.68,146.5,134.58,143.77,923887.0,3.29,0.89,20260728161310,0.17785234899328678,-6.689419795221852,1.575271214147711,-3.5149632975720047,半导体ETF,E,0.27,2.46,67.93,16.67,43.68,35.0,所属ETF为E级,False,0.0,0,,0.0,False,False,行业禁买,半导体ETF为E级，停止新增,43.68,1,退潮,17.68,D,明显强于行业；量能较健康；当日未明显追高；基础质量得分较好,所属行业偏弱；板块处于退潮阶段；市场风险较高,0.0,禁止追入/暂时回避,1
300058,蓝色光标,自动发现,今日自动发现,11.77,-0.51,11.68,12.32,11.64,11.83,270779.0,6.5,0.94,20260728161312,0.19117647058823392,-4.464285714285721,1.1168384879725046,0.7705479452054798,,C,50.0,-0.51,54.87,28.91,0.0,0.0,,False,0.0,0,,0.0,False,False,回避,当前无优势,28.91,0,未知,16.91,D,量能较健康；开盘后仍有承接；当日未明显追高,市场风险较高,0.0,禁止追入/暂时回避,1
601899,紫金矿业,有色金属,核心池,31.69,-0.25,31.2,31.8,31.03,31.77,587593.0,0.91,0.48,20260728161326,0.8571428571428578,-0.34591194968552896,2.126973896229445,1.5705128205128371,有色金属ETF,E,25.76,2.0,67.54,41.96,0.0,35.0,所属ETF为E级,False,0.0,0,,0.0,False,False,行业禁买,有色金属ETF为E级，停止新增,41.96,1,退潮,15.96,D,明显强于行业；价格接近日内强势区；开盘后仍有承接；当日未明显追高；基础质量得分较好,所属行业偏弱；板块处于退潮阶段；市场风险较高,0.0,禁止追入/暂时回避,1
300454,深信服,自动发现,今日自动发现,102.5,0.0,101.61,105.96,100.97,102.5,135058.0,4.51,0.57,20260728161333,0.30661322645290634,-3.2653831634579022,1.5153015747251697,0.8758980415313422,,C,50.0,0.0,54.26,27.76,0.0,0.0,,False,0.0,0,,0.0,False,False,回避,当前无优势,27.76,0,未知,15.76,D,开盘后仍有承接；当日未明显追高,市场风险较高,0.0,禁止追入/暂时回避,1
603259,药明康德,自动发现,今日自动发现,123.02,-1.32,123.3,125.25,122.17,124.66,412514.0,1.35,0.64,20260728161309,0.27597402597402426,-1.780439121756494,0.695751821232693,-0.22708840227088078,,C,50.0,-1.32,55.23,25.93,0.0,0.0,,False,0.0,0,,0.0,False,False,回避,当前无优势,25.93,0,未知,13.93,D,当日未明显追高,弱于行业；市场风险较高,0.0,禁止追入/暂时回避,1
603799,华友钴业,自动发现,今日自动发现,39.28,-1.97,39.3,39.98,38.89,40.07,156120.0,2.1,0.49,20260728161309,0.3577981651376164,-1.7508754377188462,1.002828490614549,-0.050890585241725184,,C,50.0,-1.97,54.39,25.64,0.0,0.0,,False,0.0,0,,0.0,False,False,回避,当前无优势,25.64,0,未知,13.64,D,当日未明显追高,弱于行业；市场风险较高,0.0,禁止追入/暂时回避,1
600703,三安光电,自动发现,今日自动发现,12.12,-1.7,12.08,12.56,12.02,12.33,174848.0,2.86,0.82,20260728161336,0.1851851851851842,-3.5031847133758065,0.8319467554076532,0.3311258278145601,,C,50.0,-1.7,54.49,24.84,0.0,0.0,,False,0.0,0,,0.0,False,False,回避,当前无优势,24.84,0,未知,12.84,D,量能较健康；开盘后仍有承接；当日未明显追高,弱于行业；市场风险较高,0.0,禁止追入/暂时回避,1
002202,金风科技,自动发现,今日自动发现,17.99,-0.88,18.15,18.53,17.9,18.15,156814.0,2.57,0.9,20260728161324,0.14285714285714204,-2.9141932002158755,0.5027932960893766,-0.8815426997245135,,C,50.0,-0.88,54.39,24.67,0.0,0.0,,False,0.0,0,,0.0,False,False,回避,当前无优势,24.67,0,未知,12.67,D,量能较健康；当日未明显追高,市场风险较高,0.0,禁止追入/暂时回避,1
300059,东方财富,自动发现,今日自动发现,19.42,-1.17,19.43,19.62,19.38,19.65,326407.0,1.26,0.57,20260728161324,0.16666666666667654,-1.0193679918450549,0.20639834881321928,-0.05146680391147074,,C,50.0,-1.17,55.03,24.64,0.0,0.0,,False,0.0,0,,0.0,False,False,回避,当前无优势,24.64,0,未知,12.64,D,当日未明显追高,弱于行业；市场风险较高,0.0,禁止追入/暂时回避,1
002487,大金重工,自动发现,今日自动发现,40.06,-1.18,40.46,41.9,39.65,40.54,166653.0,6.51,1.33,20260728161254,0.18222222222222387,-4.391408114558459,1.0340479192938234,-0.9886307464162081,,C,50.0,-1.18,54.44,24.39,0.0,0.0,,False,0.0,0,,0.0,False,False,回避,当前无优势,24.39,0,未知,12.39,D,量能较健康；当日未明显追高,弱于行业；市场风险较高,0.0,禁止追入/暂时回避,1
000636,风华高科,自动发现,今日自动发现,43.19,-2.37,43.11,45.5,42.4,44.24,713476.0,13.98,1.19,20260728161315,0.25483870967741895,-5.076923076923078,1.8632075471697984,0.18557179308744676,,C,50.0,-2.37,55.71,24.25,0.0,0.0,,False,0.0,0,,0.0,False,False,回避,当前无优势,24.25,0,未知,12.25,D,量能较健康；开盘后仍有承接；当日未明显追高,弱于行业；市场风险较高,0.0,禁止追入/暂时回避,1
688041,海光信息,国产AI芯片,核心池,298.28,-4.88,307.99,314.8,293.15,313.59,760583.0,1.08,0.89,20260728161328,0.23695150115473382,-5.247776365946644,1.749957359713461,-3.1526997629793274,科创芯片ETF,E,0.0,3.11,32.76,12.87,37.88,70.0,事件风险+35；所属ETF为E级,False,0.0,0,业绩窗口显著下跌，存在预期差：海光信息:海光信息技术股份有限公司关于2026年半年度业绩预告的自愿性披露公告,35.0,False,False,爆雷禁买,爆雷指数超过阈值，禁止追入,37.88,0,退潮,11.88,D,明显强于行业；量能较健康；当日未明显追高,爆雷指数偏高；所属行业偏弱；板块处于退潮阶段；市场风险较高,0.0,禁止追入/暂时回避,1
688099,晶晨股份,自动发现,今日自动发现,95.28,-2.46,96.0,98.7,93.36,97.68,181618.0,4.48,0.85,20260728161316,0.3595505617977529,-3.4650455927051738,2.0565552699228773,-0.7499999999999951,,C,50.0,-2.46,46.52,22.7,0.0,8.0,事件风险+8,False,0.0,0,近期业绩公告：晶晨股份:晶晨股份2026年半年度业绩预告的自愿性披露公告,8.0,False,False,回避,当前无优势,22.7,0,未知,10.7,D,量能较健康；当日未明显追高,弱于行业；市场风险较高,0.0,禁止追入/暂时回避,1
002558,巨人网络,自动发现,今日自动发现,24.53,-0.77,24.64,25.29,24.33,24.72,139227.0,2.95,0.47,20260728161306,0.20833333333333612,-3.0051403716884084,0.8220304151253632,-0.44642857142856984,,C,50.0,-0.77,54.29,22.1,0.0,0.0,,False,0.0,0,,0.0,False,False,回避,当前无优势,22.1,0,未知,10.1,D,当日未明显追高,市场风险较高,0.0,禁止追入/暂时回避,1
603650,彤程新材,自动发现,今日自动发现,64.72,-0.83,67.25,68.87,63.7,65.26,253726.0,6.21,1.82,20260728161309,0.19729206963249432,-6.025845796428064,1.6012558869701765,-3.7620817843866172,,C,50.0,-0.83,54.81,21.87,0.0,0.0,,False,0.0,0,,0.0,False,False,回避,当前无优势,21.87,0,未知,9.87,D,量能较健康；当日未明显追高,市场风险较高,0.0,禁止追入/暂时回避,1
600726,华电能源,自动发现,今日自动发现,6.08,-2.72,6.08,6.4,5.81,6.25,160845.0,3.53,0.74,20260728161314,0.457627118644068,-5.000000000000004,4.647160068846823,0.0,,C,50.0,-2.72,54.41,21.71,0.0,0.0,,False,0.0,0,,0.0,False,False,回避,当前无优势,21.71,0,未知,9.71,D,当日未明显追高,弱于行业；市场风险较高,0.0,禁止追入/暂时回避,1
688502,茂莱光学,自动发现,今日自动发现,392.0,2.68,430.0,458.0,389.61,381.78,194132.0,8.84,2.48,20260728161323,0.034946629624213875,-14.41048034934498,0.6134339467672723,-8.837209302325578,,C,50.0,2.68,54.58,21.67,0.0,33.0,冲高回落明显；开盘后显著走弱；距日内高点较远,False,0.0,0,,0.0,False,False,回避,当前无优势,21.67,0,未知,9.67,D,明显强于行业；量能较健康；当日未明显追高,冲高回落；市场风险较高,0.0,禁止追入/暂时回避,1
601168,西部矿业,自动发现,今日自动发现,36.86,-2.28,36.71,37.95,36.28,37.72,210043.0,2.39,0.6,20260728161333,0.3473053892215555,-2.8722002635046207,1.5986769570010884,0.4086080087169597,,C,50.0,-2.28,54.64,21.61,0.0,0.0,,False,0.0,0,,0.0,False,False,回避,当前无优势,21.61,0,未知,9.61,D,开盘后仍有承接；当日未明显追高,弱于行业；市场风险较高,0.0,禁止追入/暂时回避,1
300418,昆仑万维,自动发现,今日自动发现,37.61,-1.47,37.39,38.97,37.3,38.17,193224.0,4.31,0.73,20260728161318,0.18562874251497125,-3.48986399794714,0.8310991957104719,0.5883926183471555,,C,50.0,-1.47,54.57,21.25,0.0,0.0,,False,0.0,0,,0.0,False,False,回避,当前无优势,21.25,0,未知,9.25,D,开盘后仍有承接；当日未明显追高,弱于行业；市场风险较高,0.0,禁止追入/暂时回避,1
002141,贤丰控股,自动发现,今日自动发现,5.73,0.0,6.11,6.3,5.59,5.73,199509.0,32.18,1.2,20260728161251,0.19718309859155012,-9.047619047619037,2.504472271914149,-6.2193126022913265,,C,50.0,0.0,54.6,20.72,0.0,18.0,换手率过高,False,0.0,0,,0.0,False,False,回避,当前无优势,20.72,0,未知,8.72,D,量能较健康；当日未明显追高,市场风险较高,0.0,禁止追入/暂时回避,1
600276,恒瑞医药,创新药,核心池,53.29,-0.58,53.45,53.88,52.53,53.6,254273.0,0.75,0.62,20260728161315,0.5629629629629609,-1.0950259836674192,1.4467923091566748,-0.2993451824134796,医疗ETF,D,39.44,0.35,66.81,34.19,0.0,20.0,所属ETF为D级,False,0.0,0,,0.0,False,False,行业禁买,医疗ETF为D级，停止新增,34.19,1,退潮,8.19,D,当日未明显追高；基础质量得分较好,所属行业偏弱；板块处于退潮阶段；市场风险较高,0.0,禁止追入/暂时回避,1
002466,天齐锂业,自动发现,今日自动发现,44.44,-1.7,44.5,45.85,44.09,45.21,163418.0,2.47,0.57,20260728161303,0.19886363636363336,-3.0752453653217104,0.7938308006350425,-0.1348314606741674,,C,50.0,-1.7,54.43,19.82,0.0,0.0,,False,0.0,0,,0.0,False,False,回避,当前无优势,19.82,0,未知,7.82,D,当日未明显追高,弱于行业；市场风险较高,0.0,禁止追入/暂时回避,1
002709,天赐材料,自动发现,今日自动发现,37.29,-2.61,37.68,38.88,37.05,38.29,259885.0,4.58,0.83,20260728161333,0.13114754098360726,-4.089506172839519,0.6477732793522373,-1.0350318471337605,,C,50.0,-2.61,54.83,19.57,0.0,0.0,,False,0.0,0,,0.0,False,False,回避,当前无优势,19.57,0,未知,7.57,D,量能较健康；当日未明显追高,弱于行业；市场风险较高,0.0,禁止追入/暂时回避,1
002222,福晶科技,自动发现,今日自动发现,58.4,1.94,63.02,63.02,57.9,57.29,422212.0,14.8,2.85,20260728161330,0.09765624999999992,-7.33100602983181,0.8635578583765069,-7.33100602983181,,C,50.0,1.94,55.25,18.33,0.0,18.0,开盘后显著走弱；距日内高点较远,False,0.0,0,,0.0,False,False,回避,当前无优势,18.33,0,未知,6.33,D,明显强于行业；当日未明显追高,冲高回落；市场风险较高,0.0,禁止追入/暂时回避,1
002460,赣锋锂业,自动发现,今日自动发现,49.04,-2.08,49.5,50.69,48.65,50.08,180024.0,3.01,0.67,20260728161242,0.19117647058823564,-3.255079897415658,0.8016443987667099,-0.9292929292929353,,C,50.0,-2.08,54.51,17.56,0.0,0.0,,False,0.0,0,,0.0,False,False,回避,当前无优势,17.56,0,未知,5.56,D,当日未明显追高,弱于行业；市场风险较高,0.0,禁止追入/暂时回避,1
688146,中船特气,自动发现,今日自动发现,275.8,-3.21,276.0,292.8,265.01,284.94,666089.0,16.43,1.07,20260728161335,0.3882691615689101,-5.806010928961747,4.071544470020005,-0.07246376811593791,,C,50.0,-3.21,20.65,16.9,0.0,45.0,事件风险+35；换手率偏高,False,0.0,0,业绩窗口显著下跌，存在预期差：中船特气:中船特气2026年半年度报告；业绩窗口显著下跌，存在预期差：中船特气:中船特气2026年半年度报告摘要,35.0,False,False,回避,当前无优势,16.9,0,未知,4.9,D,量能较健康；当日未明显追高,爆雷指数偏高；弱于行业；市场风险较高,0.0,禁止追入/暂时回避,1
300054,鼎龙股份,自动发现,今日自动发现,71.31,-3.86,72.0,76.38,70.48,74.17,363500.0,6.62,1.09,20260728161306,0.14067796610169483,-6.637863315003923,1.177639046538026,-0.9583333333333277,,C,50.0,-3.86,55.12,16.45,0.0,0.0,,False,0.0,0,,0.0,False,False,回避,当前无优势,16.45,0,未知,4.45,D,量能较健康；当日未明显追高,弱于行业；市场风险较高,0.0,禁止追入/暂时回避,1
300759,康龙化成,自动发现,今日自动发现,37.72,-2.71,38.11,38.77,37.46,38.77,239592.0,4.45,0.7,20260728161324,0.19847328244274623,-2.708279597627039,0.69407367859049,-1.0233534505379227,,C,50.0,-2.71,54.76,15.87,0.0,0.0,,False,0.0,0,,0.0,False,False,回避,当前无优势,15.87,0,未知,3.87,D,当日未明显追高,弱于行业；市场风险较高,0.0,禁止追入/暂时回避,1
603296,华勤技术,自动发现,今日自动发现,84.16,-3.19,83.62,87.3,83.05,86.93,275677.0,4.08,0.78,20260728161327,0.2611764705882352,-3.5967926689576157,1.3365442504515324,0.645778521884699,,C,50.0,-3.19,19.88,15.57,0.0,35.0,事件风险+35,False,0.0,0,减持风险：华勤技术:华勤技术股东减持股份结果公告,35.0,False,False,回避,当前无优势,15.57,0,未知,3.57,D,开盘后仍有承接；当日未明显追高,弱于行业；市场风险较高,0.0,禁止追入/暂时回避,1
600744,华银电力,自动发现,今日自动发现,7.36,-3.29,7.38,7.96,7.11,7.61,250842.0,16.34,0.9,20260728161309,0.29411764705882365,-7.537688442211055,3.5161744022503605,-0.27100271002709064,,C,50.0,-3.29,22.8,15.19,0.0,42.0,事件风险+32；换手率偏高,False,0.0,0,风险公告：华银电力:大唐华银电力股份有限公司股票交易风险提示公告,32.0,False,False,回避,当前无优势,15.19,0,未知,3.19,D,量能较健康；当日未明显追高,弱于行业；市场风险较高,0.0,禁止追入/暂时回避,1
300033,同花顺,自动发现,今日自动发现,213.98,-2.09,216.5,218.36,213.14,218.55,175329.0,1.86,0.54,20260728161312,0.16091954022988486,-2.0058618794651095,0.3941071596134105,-1.1639722863741375,,C,50.0,-2.09,46.49,15.08,0.0,8.0,事件风险+8,False,0.0,0,近期业绩公告：同花顺:2026年半年度业绩预告,8.0,False,False,回避,当前无优势,15.08,0,未知,3.08,D,当日未明显追高,弱于行业；市场风险较高,0.0,禁止追入/暂时回避,1
688019,安集科技,自动发现,今日自动发现,253.0,-4.49,256.5,269.63,251.0,264.9,249888.0,4.2,0.93,20260728161322,0.10735373054213637,-6.1677113080888635,0.7968127490039834,-1.3645224171540016,,C,50.0,-4.49,54.8,13.5,0.0,0.0,,False,0.0,0,,0.0,False,False,回避,当前无优势,13.5,0,未知,1.5,D,量能较健康；当日未明显追高,弱于行业；市场风险较高,0.0,禁止追入/暂时回避,1
600118,中国卫星,自动发现,今日自动发现,57.94,-2.95,58.91,60.68,57.5,59.7,161524.0,2.32,0.66,20260728161331,0.13836477987421314,-4.515491100856961,0.7652173913043514,-1.6465795280937057,,C,50.0,-2.95,54.42,13.23,0.0,0.0,,False,0.0,0,,0.0,False,False,回避,当前无优势,13.23,0,未知,1.23,D,当日未明显追高,弱于行业；市场风险较高,0.0,禁止追入/暂时回避,1
300274,阳光电源,自动发现,今日自动发现,112.08,-3.55,115.72,115.77,110.24,116.21,557493.0,3.13,0.73,20260728161309,0.3327305605786624,-3.187354236848927,1.669085631349776,-3.145523677843065,,C,50.0,-3.55,55.49,13.12,0.0,0.0,,False,0.0,0,,0.0,False,False,回避,当前无优势,13.12,0,未知,1.12,D,当日未明显追高,弱于行业；市场风险较高,0.0,禁止追入/暂时回避,1
002028,思源电气,自动发现,今日自动发现,161.28,-4.17,167.01,168.3,160.05,168.3,173043.0,1.74,0.78,20260728161324,0.14909090909090786,-4.17112299465241,0.7685098406747803,-3.4309322795042174,,C,50.0,-4.17,54.48,12.2,0.0,0.0,,False,0.0,0,,0.0,False,False,回避,当前无优势,12.2,0,未知,0.2,D,当日未明显追高,弱于行业；市场风险较高,0.0,禁止追入/暂时回避,1
688012,中微公司,半导体设备,核心池,383.0,-4.19,388.0,405.73,376.8,399.77,997163.0,2.7,0.81,20260728161309,0.2143104044244724,-5.602247800261262,1.645435244161364,-1.2886597938144284,半导体ETF,E,0.27,3.19,68.0,22.4,0.0,35.0,所属ETF为E级,False,0.0,0,,0.0,False,False,行业禁买,半导体ETF为E级，停止新增,22.4,1,退潮,0.0,D,明显强于行业；量能较健康；当日未明显追高；基础质量得分较好,所属行业偏弱；板块处于退潮阶段；市场风险较高,0.0,禁止追入/暂时回避,1
300346,南大光电,自动发现,今日自动发现,54.21,-2.76,57.97,59.6,53.3,55.75,488579.0,13.14,1.52,20260728161336,0.14444444444444493,-9.043624161073826,1.7073170731707332,-6.486113506986369,,C,50.0,-2.76,55.38,11.97,0.0,0.0,,False,0.0,0,,0.0,False,False,回避,当前无优势,11.97,0,未知,0.0,D,量能较健康；当日未明显追高,弱于行业；市场风险较高,0.0,禁止追入/暂时回避,1
603501,豪威集团,自动发现,今日自动发现,91.8,-3.68,93.98,95.75,90.63,95.31,185078.0,1.65,0.74,20260728161328,0.22851562500000014,-4.125326370757188,1.2909632571995955,-2.3196424771227964,,C,50.0,-3.68,54.53,11.88,0.0,0.0,,False,0.0,0,,0.0,False,False,回避,当前无优势,11.88,0,未知,0.0,D,当日未明显追高,弱于行业；市场风险较高,0.0,禁止追入/暂时回避,1
002415,海康威视,自动发现,今日自动发现,36.14,-2.3,36.56,37.0,36.1,36.99,435681.0,1.32,0.84,20260728161309,0.044444444444443565,-2.324324324324323,0.11080332409971749,-1.148796498905913,,C,50.0,-2.3,20.28,11.84,0.0,100.0,重大明确利空；事件风险+35,False,0.0,0,近期业绩公告：海康威视:2026年半年度报告摘要；近期业绩公告：海康威视:2026年半年度报告；重大公告：海康威视:2026年半年度非经营性资金占用及其他关联资金往来情况汇总表,35.0,True,False,消息面禁买,重大事件或消息面无法确认；禁止新增，若持有则优先控制风险,11.84,-1,未知,0.0,D,量能较健康；当日未明显追高,爆雷指数偏高；弱于行业；市场风险较高,0.0,禁止追入/暂时回避,1
002475,立讯精密,自动发现,今日自动发现,60.1,-4.44,61.8,62.68,59.8,62.89,620526.0,1.39,0.9,20260728161245,0.10416666666666806,-4.116145500957236,0.5016722408026864,-2.750809061488668,,C,50.0,-4.44,55.59,11.83,0.0,0.0,,False,0.0,0,,0.0,False,False,回避,当前无优势,11.83,0,未知,0.0,D,量能较健康；当日未明显追高,弱于行业；市场风险较高,0.0,禁止追入/暂时回避,1
300014,亿纬锂能,自动发现,今日自动发现,54.08,-1.87,54.08,55.38,53.9,55.11,180198.0,1.57,0.59,20260728161330,0.1216216216216211,-2.3474178403755985,0.33395176252319914,0.0,,C,50.0,-1.87,22.51,11.81,0.0,32.0,事件风险+32,False,0.0,0,风险公告：亿纬锂能:关于美国专利诉讼相关事项声明的公告,32.0,False,False,回避,当前无优势,11.81,0,未知,0.0,D,当日未明显追高,弱于行业；市场风险较高,0.0,禁止追入/暂时回避,1
000063,中兴通讯,自动发现,今日自动发现,34.03,-3.46,34.49,34.88,33.95,35.25,505055.0,3.66,0.56,20260728161303,0.08602150537634227,-2.4369266055045857,0.2356406480117812,-1.3337199188170556,,C,50.0,-3.46,55.41,11.53,0.0,0.0,,False,0.0,0,,0.0,False,False,回避,当前无优势,11.53,0,未知,0.0,D,当日未明显追高,弱于行业；市场风险较高,0.0,禁止追入/暂时回避,1
002050,三花智控,自动发现,今日自动发现,35.58,-1.25,35.7,36.75,35.53,36.03,190032.0,1.43,0.69,20260728161300,0.040983606557374756,-3.18367346938776,0.14072614691809093,-0.3361344537815225,,C,50.0,-1.25,19.56,11.05,0.0,35.0,事件风险+35,False,0.0,0,解禁风险：三花智控:关于2024年限制性股票激励计划第二个解除限售期解除限售股份上市流通的提示性公告,35.0,False,False,回避,当前无优势,11.05,0,未知,0.0,D,当日未明显追高,弱于行业；市场风险较高,0.0,禁止追入/暂时回避,1
300750,宁德时代,自动发现,历史动态池,390.86,-2.29,396.26,399.99,390.86,400.0,1465280.0,0.87,1.01,20260728161309,0.0,-2.2825570639265935,0.0,-1.3627416342805176,,C,50.0,-2.29,21.33,11.01,0.0,100.0,重大明确利空；事件风险+35,False,0.0,0,近期业绩公告：宁德时代:2026年半年度报告；重大公告：宁德时代:2026年半年度非经营性资金占用及其他关联资金往来情况汇总表；近期业绩公告：宁德时代:2026年半年度报告摘要,35.0,True,False,消息面禁买,重大事件或消息面无法确认；禁止新增，若持有则优先控制风险,11.01,-1,未知,0.0,D,量能较健康；当日未明显追高,爆雷指数偏高；弱于行业；市场风险较高,0.0,禁止追入/暂时回避,1
002580,圣阳股份,自动发现,今日自动发现,16.92,0.3,18.56,18.56,16.86,16.87,198237.0,24.57,3.75,20260728161324,0.035294117647060176,-8.836206896551712,0.3558718861210064,-8.836206896551712,,C,50.0,0.3,54.59,10.51,0.0,38.0,换手率偏高；量比偏高；开盘后显著走弱；距日内高点较远,False,0.0,0,,0.0,False,False,回避,当前无优势,10.51,0,未知,0.0,D,当日未明显追高,冲高回落；市场风险较高,0.0,禁止追入/暂时回避,1
000100,TCL科技,自动发现,今日自动发现,4.91,-3.73,4.99,5.04,4.9,5.1,260408.0,2.61,0.73,20260728161312,0.07142857142857006,-2.5793650793650813,0.20408163265306367,-1.603206412825653,,C,50.0,-3.73,54.83,10.05,0.0,0.0,,False,0.0,0,,0.0,False,False,回避,当前无优势,10.05,0,未知,0.0,D,当日未明显追高,弱于行业；市场风险较高,0.0,禁止追入/暂时回避,1
300390,天华新能,自动发现,今日自动发现,56.23,-4.14,57.79,59.5,55.98,58.66,183264.0,4.77,0.67,20260728161309,0.07102272727272721,-5.495798319327738,0.4465880671668421,-2.699428966949302,,C,50.0,-4.14,54.53,7.34,0.0,0.0,,False,0.0,0,,0.0,False,False,回避,当前无优势,7.34,0,未知,0.0,D,当日未明显追高,弱于行业；市场风险较高,0.0,禁止追入/暂时回避,1
002747,埃斯顿,自动发现,今日自动发现,30.34,-3.84,31.47,32.2,30.18,31.55,176591.0,7.24,0.66,20260728161257,0.07920792079207915,-5.7763975155279645,0.5301524188204176,-3.590721321893864,,C,50.0,-3.84,54.49,7.07,0.0,0.0,,False,0.0,0,,0.0,False,False,回避,当前无优势,7.07,0,未知,0.0,D,当日未明显追高,弱于行业；市场风险较高,0.0,禁止追入/暂时回避,1
